Report Completed At: 2021-07-15 20:29
[2, 9, 16] Ago: 99 Draw: 837

[2, 9, 21] Ago: 179 Draw: 757

[2, 9, 27] Ago: 68 Draw: 868

[2, 9, 69] Ago: 68 Draw: 868

[2, 16, 21] Ago: 206 Draw: 730

[2, 16, 27] Ago: 43 Draw: 893

[2, 16, 69] Ago: 317 Draw: 619

[2, 21, 27] Ago: 183 Draw: 753

[2, 21, 69] Ago: 185 Draw: 751

[2, 27, 69] Ago: 68 Draw: 868

[9, 16, 21] Ago: 55 Draw: 881

[9, 16, 27] Ago: 25 Draw: 911

[9, 16, 69] Ago: 27 Draw: 909

[9, 21, 27] Ago: 106 Draw: 830

[9, 21, 69] Ago: 33 Draw: 903

[9, 27, 69] Ago: 65 Draw: 871

[16, 21, 27] Ago: 150 Draw: 786

[16, 21, 69] Ago: 48 Draw: 888

[16, 27, 69] Ago: 65 Draw: 871

[21, 27, 69] Ago: 94 Draw: 842


[2, 9, 16, 21] Ago: 317 Draw: 619

[2, 9, 16, 27] Ago: 549 Draw: 387

[2, 9, 16, 69] Ago: 317 Draw: 619

[2, 9, 21, 27] Ago: 183 Draw: 753

[2, 9, 21, 69] Ago: 317 Draw: 619

[2, 9, 27, 69] Ago: 68 Draw: 868

[2, 16, 21, 27] Ago: 206 Draw: 730

[2, 16, 21, 69] Ago: 317 Draw: 619

[2, 16, 27, 69] Ago: 732 Draw: 204

[2, 21, 27, 69] Ago: 712 Draw: 224

[9, 16, 21, 27] Ago: 150 Draw: 786

[9, 16, 21, 69] Ago: 63 Draw: 873

[9, 16, 27, 69] Ago: 65 Draw: 871

[9, 21, 27, 69] Ago: 150 Draw: 786

[16, 21, 27, 69] Ago: 150 Draw: 786


[2, 9, 16, 21, 27] Ago: 3897 Draw: 39
2021-07-08 11:53:20
[2, 9, 16, 21, 69] Ago: 317 Draw: 619
2021-07-15 06:20:00
[2, 9, 16, 27, 69] Ago: 2401 Draw: 535
2021-07-11 07:48:00
[2, 9, 21, 27, 69] Ago: 2670 Draw: 266
2021-07-10 19:21:20
[2, 16, 21, 27, 69] Ago: 985 Draw: 951
2021-07-13 23:45:20
[9, 16, 21, 27, 69] Ago: 150 Draw: 786
2021-07-15 13:45:20

[2, 9, 16, 21, 27, 69] Ago: 3897 Draw: 39
2021-07-08 11:53:20

[41, 42, 43, 44, 45, 46, 47, 48, 49, 50] Ago: 661141 Draw: 789
2018-02-11 03:13:20
[2, 3, 4, 5, 6, 7, 8] Ago: 78492 Draw: 442
2021-02-17 13:45:20
[2, 3, 4, 5, 6, 7] Ago: 24253 Draw: 683
2021-05-31 01:00:00
[12, 13, 14, 15] Ago: 77 Draw: 859


